CHROM	BIN_START	BIN_END	N_VARIANTS	WEIGHTED_FST	MEAN_FST
Cexcelsa_scaf_5	5629001	5630000	10	8.58482e-05	0.0140318
Cexcelsa_scaf_5	4532001	4533000	10	3.27197e-05	0.017208
Cexcelsa_scaf_5	4965001	4966000	13	0.683475	0.573314
Cexcelsa_scaf_5	4964001	4965000	27	0.626236	0.444946
Cexcelsa_scaf_5	5960001	5961000	15	0.612158	0.349244
Cexcelsa_scaf_5	5852001	5853000	13	0.546962	0.414563
Cexcelsa_scaf_5	5851001	5852000	16	0.537244	0.314201
Cexcelsa_scaf_5	5959001	5960000	18	0.474552	0.364819
Cexcelsa_scaf_5	5821001	5822000	14	0.466488	0.266166
Cexcelsa_scaf_5	5958001	5959000	14	0.46179	0.340895
Cexcelsa_scaf_5	5957001	5958000	4	0.437699	0.204797
Cexcelsa_scaf_5	5955001	5956000	17	0.430894	0.273411
Cexcelsa_scaf_5	4949001	4950000	5	0.42435	0.306498
Cexcelsa_scaf_5	6033001	6034000	13	0.423007	0.272617
Cexcelsa_scaf_5	5954001	5955000	15	0.420717	0.192774
Cexcelsa_scaf_5	6036001	6037000	12	0.404814	0.259091
Cexcelsa_scaf_5	4409001	4410000	3	0.404677	0.347159
Cexcelsa_scaf_5	5992001	5993000	23	0.398562	0.257972
Cexcelsa_scaf_5	4909001	4910000	15	0.389186	0.311313
Cexcelsa_scaf_5	6032001	6033000	10	0.383577	0.303385
Cexcelsa_scaf_5	6394001	6395000	9	0.379206	0.26174
Cexcelsa_scaf_5	6042001	6043000	6	0.37378	0.308925
Cexcelsa_scaf_5	5610001	5611000	9	0.363322	0.303292
Cexcelsa_scaf_5	5600001	5601000	8	0.354159	0.181129
Cexcelsa_scaf_5	5668001	5669000	3	0.351941	0.27823
